2485 1426 5077
2708 4312 8567
7491 1550 8685
8481 164 6120
339 1595 3223
1608 5024 5990
1353 747 3789
593 268 7115
9984 4200 9632
4507 3116 8480
2949 4976 7463
6477 719 1312
6971 1463 1778
3898 7890 8515
3714 4609 9394
3195 2401 4706
954 1684 1844
4337 261 6118
4487 2811 7405
1160 6960 9537
188 828 7747
8986 4765 9426
7207 1814 7625
4800 1938 4666
5146 3811 4895
2743 6822 7968
5959 2410 7085
1831 3222 4895
9053 2675 9236
7053 1945 6351
2261 8609 8653
989 3328 3848
9780 1678 2649
3665 481 4285
5392 7640 8254
3836 4050 5128
4877 1904 9876
5538 5314 6386
6316 2941 7997
1813 2284 7036
8823 8506 9079
3600 776 2638
7275 2303 6365
9664 1489 5851
2738 4049 4482
1559 1774 8753
4551 3571 7534
646 5313 8330
1139 2093 8223
2845 976 5374
2534 8505 9501
1385 5096 5657
2305 3144 5566
1563 3481 8053
7361 45 8489
2010 3451 3522
5143 1528 3822
5364 383 8732
9755 3908 5563
834 3968 4747
7460 6181 8772
1557 1061 6092
8861 1025 2572
879 2712 4419
7425 7563 9666
4130 1138 8587
3569 1673 6250
9418 4779 6949
7908 4326 6157
9710 2845 6061
1227 2603 4289
8488 4585 6091
5369 7602 7822
6654 4111 6994
5585 3679 7095
3934 4348 8820
2144 691 4871
4721 763 4567
3251 1641 6389
6201 4425 5479
205 511 1584
6949 8121 9769
8523 4798 5947
7264 1456 3356
6682 3503 4129
5236 5074 9299
9396 925 4159
6674 2147 9128
7987 3114 5304
1397 7908 8643
1883 3788 5016
2012 4983 7359
191 3379 7371
3948 16 1134
340 5457 9911
384 3606 8452
4704 809 9295
3828 2950 4410
1182 3659 7942
1623 5015 8103
